image: map_toolbox_offline.pgm
resolution: 0.050000
origin: [-7.243311, -10.495276, 0.000000]
negate: 0
occupied_thresh: 0.65
free_thresh: 0.196

